1,3,17
1,4,4
2,3,2
2,4,2
3,4,4
5,6,10
5,7,19
5,8,9
6,7,13
6,8,5
7,8,3
9,10,14
9,11,10
9,12,9
10,11,10
10,12,7
11,12,11
13,14,5
13,15,9
13,16,3
14,15,6
14,16,19
15,16,10
17,18,19
17,19,5
17,20,13
18,19,11
18,20,4
19,20,8
21,22,11
21,23,15
21,24,3
22,23,14
22,24,4
23,24,18
25,26,11
25,27,17
25,28,4
26,27,10
26,28,6
27,28,20
29,30,3
29,31,7
29,32,14
30,31,13
30,32,13
31,32,1
33,34,6
33,35,16
33,36,2
34,35,15
34,36,13
35,36,4
37,38,2
37,39,18
37,40,9
38,39,15
38,40,17
39,40,15
41,42,9
41,43,18
41,44,7
42,43,11
42,44,4
43,44,9
45,46,20
45,47,17
45,48,19
46,47,15
46,48,17
47,48,16
49,50,20
49,51,20
49,52,11
50,51,19
50,52,12
51,52,6
53,54,2
53,55,8
53,56,10
54,55,18
54,56,17
55,56,19
57,58,8
57,59,19
57,60,14
58,59,9
58,60,13
59,60,13
61,62,2
61,63,4
61,64,4
62,63,5
62,64,2
63,64,14
65,66,9
65,67,7
65,68,11
66,67,15
66,68,9
67,68,9
69,70,8
69,71,14
69,72,19
70,71,19
70,72,20
71,72,6
73,74,1
73,75,14
73,76,19
74,75,4
74,76,17
75,76,20
77,78,7
77,79,14
77,80,16
78,79,7
78,80,10
79,80,13
81,82,7
81,83,3
81,84,19
82,83,5
82,84,14
83,84,3
85,86,14
85,87,8
85,88,13
86,87,8
86,88,6
87,88,2
89,90,13
89,91,5
89,92,17
90,91,17
90,92,5
91,92,11
93,94,1
93,95,5
93,96,3
94,95,3
94,96,2
95,96,20
97,98,9
97,99,20
97,100,1
98,99,1
98,100,20
99,100,8
101,102,2
101,103,4
101,104,16
102,103,3
102,104,10
103,104,7
105,106,10
105,107,10
105,108,2
106,107,8
106,108,20
107,108,18
109,110,8
109,111,10
109,112,1
110,111,2
110,112,14
111,112,1
113,114,18
113,115,9
113,116,8
114,115,7
114,116,2
115,116,3
117,118,2
117,119,12
117,120,1
118,119,1
118,120,8
119,120,13
121,122,6
121,123,8
121,124,3
122,123,19
122,124,6
123,124,10
125,126,2
125,127,7
125,128,17
126,127,16
126,128,3
127,128,12
129,130,19
129,131,19
129,132,11
130,131,14
130,132,12
131,132,20
133,134,6
133,135,16
133,136,4
134,135,19
134,136,2
135,136,3
137,138,2
137,139,4
137,140,14
138,139,14
138,140,16
139,140,19
141,142,13
141,143,17
141,144,15
142,143,7
142,144,16
143,144,7
145,146,5
145,147,6
145,148,12
146,147,19
146,148,17
147,148,14
149,150,9
149,151,9
149,152,9
150,151,15
150,152,6
151,152,4
153,154,18
153,155,2
153,156,20
154,155,8
154,156,8
155,156,13
157,158,4
157,159,14
157,160,5
158,159,16
158,160,10
159,160,9
161,162,2
161,163,6
161,164,18
162,163,10
162,164,14
163,164,7
165,166,20
165,167,10
165,168,3
166,167,1
166,168,6
167,168,14
169,170,12
169,171,14
169,172,6
170,171,18
170,172,3
171,172,15
173,174,5
173,175,17
173,176,6
174,175,5
174,176,6
175,176,18
177,178,15
177,179,13
177,180,10
178,179,3
178,180,2
179,180,17
181,182,6
181,183,10
181,184,14
182,183,8
182,184,19
183,184,18
185,186,12
185,187,19
185,188,9
186,187,13
186,188,18
187,188,15
189,190,1
189,191,8
189,192,19
190,191,14
190,192,17
191,192,13
193,194,5
193,195,16
193,196,12
194,195,20
194,196,9
195,196,3
197,198,4
197,199,2
197,200,20
198,199,10
198,200,5
199,200,4
201,202,4
201,203,7
201,204,8
202,203,8
202,204,11
203,204,9
205,206,2
205,207,7
205,208,13
206,207,9
206,208,8
207,208,16
209,210,10
209,211,1
209,212,3
210,211,3
210,212,3
211,212,20
213,214,5
213,215,8
213,216,4
214,215,6
214,216,6
215,216,15
217,218,11
217,219,17
217,220,6
218,219,14
218,220,18
219,220,4
221,222,13
221,223,4
221,224,16
222,223,9
222,224,13
223,224,5
225,226,13
225,227,13
225,228,6
226,227,20
226,228,10
227,228,13
229,230,5
229,231,8
229,232,16
230,231,10
230,232,5
231,232,6
233,234,14
233,235,3
233,236,11
234,235,12
234,236,17
235,236,18
237,238,5
237,239,8
237,240,20
238,239,14
238,240,16
239,240,19
241,242,3
241,243,17
241,244,1
242,243,17
242,244,1
243,244,4
245,246,6
245,247,19
245,248,20
246,247,3
246,248,12
247,248,14
249,250,1
249,251,9
249,252,6
250,251,8
250,252,13
251,252,10
253,254,7
253,255,20
253,256,2
254,255,2
254,256,4
255,256,2
257,258,13
257,259,13
257,260,11
258,259,7
258,260,3
259,260,15
261,262,3
261,263,12
261,264,10
262,263,6
262,264,8
263,264,5
265,266,17
265,267,7
265,268,10
266,267,14
266,268,8
267,268,15
269,270,16
269,271,2
269,272,17
270,271,11
270,272,9
271,272,14
273,274,10
273,275,7
273,276,8
274,275,16
274,276,20
275,276,14
277,278,19
277,279,17
277,280,7
278,279,8
278,280,17
279,280,13
281,282,14
281,283,8
281,284,5
282,283,11
282,284,20
283,284,7
285,286,17
285,287,20
285,288,18
286,287,1
286,288,18
287,288,4
289,290,14
289,291,8
289,292,1
290,291,18
290,292,16
291,292,20
293,294,13
293,295,18
293,296,9
294,295,18
294,296,13
295,296,11
297,298,16
297,299,19
297,300,14
298,299,6
298,300,5
299,300,19
301,302,2
301,303,2
301,304,2
302,303,7
302,304,10
303,304,5
305,306,3
305,307,7
305,308,12
306,307,9
306,308,17
307,308,20
309,310,18
309,311,19
309,312,7
310,311,8
310,312,18
311,312,14
313,314,6
313,315,1
313,316,12
314,315,11
314,316,18
315,316,10
317,318,11
317,319,20
317,320,6
318,319,18
318,320,9
319,320,17
321,322,17
321,323,13
321,324,19
322,323,4
322,324,13
323,324,1
325,326,3
325,327,4
325,328,17
326,327,20
326,328,15
327,328,19
329,330,6
329,331,16
329,332,13
330,331,9
330,332,18
331,332,16
333,334,1
333,335,16
333,336,6
334,335,9
334,336,5
335,336,3
337,338,8
337,339,12
337,340,5
338,339,5
338,340,19
339,340,13
341,342,16
341,343,12
341,344,2
342,343,20
342,344,10
343,344,9
345,346,6
345,347,9
345,348,19
346,347,19
346,348,16
347,348,3
349,350,19
349,351,19
349,352,16
350,351,2
350,352,7
351,352,18
353,354,10
353,355,4
353,356,19
354,355,11
354,356,9
355,356,18
357,358,1
357,359,1
357,360,15
358,359,2
358,360,14
359,360,10
361,362,14
361,363,8
361,364,20
362,363,20
362,364,1
363,364,7
365,366,3
365,367,4
365,368,20
366,367,10
366,368,1
367,368,15
369,370,20
369,371,15
369,372,14
370,371,3
370,372,5
371,372,3
373,374,1
373,375,2
373,376,17
374,375,6
374,376,18
375,376,16
377,378,14
377,379,2
377,380,6
378,379,7
378,380,11
379,380,1
381,382,3
381,383,3
381,384,1
382,383,8
382,384,12
383,384,12
385,386,6
385,387,13
385,388,6
386,387,15
386,388,4
387,388,17
389,390,16
389,391,7
389,392,15
390,391,18
390,392,2
391,392,9
393,394,12
393,395,18
393,396,3
394,395,12
394,396,15
395,396,9
397,398,17
397,399,18
397,400,2
398,399,18
398,400,8
399,400,5
401,402,3
401,403,12
401,404,10
402,403,3
402,404,4
403,404,6
405,406,13
405,407,11
405,408,7
406,407,8
406,408,14
407,408,16
409,410,3
409,411,3
409,412,15
410,411,13
410,412,17
411,412,10
413,414,2
413,415,12
413,416,3
414,415,8
414,416,20
415,416,14
417,418,1
417,419,12
417,420,5
418,419,13
418,420,2
419,420,8
421,422,8
421,423,12
421,424,8
422,423,1
422,424,16
423,424,11
425,426,13
425,427,17
425,428,20
426,427,13
426,428,1
427,428,16
429,430,7
429,431,10
429,432,7
430,431,9
430,432,1
431,432,2
433,434,11
433,435,1
433,436,17
434,435,5
434,436,12
435,436,16
437,438,1
437,439,7
437,440,2
438,439,9
438,440,20
439,440,11
441,442,5
441,443,10
441,444,10
442,443,7
442,444,20
443,444,13
445,446,8
445,447,17
445,448,8
446,447,4
446,448,8
447,448,18
449,450,6
449,451,11
449,452,12
450,451,1
450,452,9
451,452,3
453,454,12
453,455,3
453,456,13
454,455,7
454,456,5
455,456,20
457,458,19
457,459,9
457,460,14
458,459,12
458,460,17
459,460,20
461,462,18
461,463,15
461,464,4
462,463,15
462,464,14
463,464,3
465,466,14
465,467,6
465,468,15
466,467,18
466,468,12
467,468,8
469,470,20
469,471,5
469,472,15
470,471,18
470,472,19
471,472,6
473,474,2
473,475,6
473,476,4
474,475,5
474,476,16
475,476,18
477,478,18
477,479,16
477,480,1
478,479,3
478,480,5
479,480,17
481,482,20
481,483,18
481,484,14
482,483,17
482,484,13
483,484,20
485,486,5
485,487,5
485,488,5
486,487,10
486,488,20
487,488,8
489,490,10
489,491,6
489,492,11
490,491,3
490,492,1
491,492,2
493,494,11
493,495,17
493,496,3
494,495,7
494,496,14
495,496,14
497,498,6
497,499,18
497,500,16
498,499,6
498,500,5
499,500,9
501,502,15
501,503,10
501,504,9
502,503,2
502,504,12
503,504,7
505,506,16
505,507,1
505,508,14
506,507,10
506,508,2
507,508,15
509,510,19
509,511,10
509,512,8
510,511,19
510,512,15
511,512,16
3,5,13
3,6,15
4,5,19
4,6,11
7,9,2
7,10,4
8,9,13
8,10,16
11,13,17
11,14,13
12,13,12
12,14,8
15,17,7
15,18,12
16,17,4
16,18,16
19,21,10
19,22,14
20,21,17
20,22,11
23,25,8
23,26,12
24,25,4
24,26,2
27,29,8
27,30,17
28,29,19
28,30,12
31,33,7
31,34,13
32,33,14
32,34,7
35,37,17
35,38,8
36,37,10
36,38,16
39,41,7
39,42,6
40,41,1
40,42,7
43,45,2
43,46,20
44,45,9
44,46,15
47,49,19
47,50,11
48,49,3
48,50,13
51,53,2
51,54,20
52,53,9
52,54,15
55,57,5
55,58,13
56,57,18
56,58,11
59,61,13
59,62,20
60,61,2
60,62,19
63,65,15
63,66,13
64,65,20
64,66,3
67,69,20
67,70,10
68,69,10
68,70,12
71,73,17
71,74,18
72,73,18
72,74,4
75,77,18
75,78,7
76,77,3
76,78,14
79,81,16
79,82,11
80,81,3
80,82,7
83,85,7
83,86,4
84,85,20
84,86,11
87,89,7
87,90,8
88,89,5
88,90,20
91,93,19
91,94,7
92,93,5
92,94,17
95,97,16
95,98,10
96,97,12
96,98,20
99,101,13
99,102,6
100,101,13
100,102,17
103,105,17
103,106,8
104,105,20
104,106,5
107,109,11
107,110,18
108,109,20
108,110,3
111,113,7
111,114,17
112,113,10
112,114,10
115,117,6
115,118,20
116,117,8
116,118,10
119,121,19
119,122,15
120,121,4
120,122,6
123,125,18
123,126,10
124,125,7
124,126,4
127,129,5
127,130,3
128,129,14
128,130,17
131,133,10
131,134,11
132,133,7
132,134,4
135,137,5
135,138,11
136,137,19
136,138,9
139,141,2
139,142,4
140,141,4
140,142,3
143,145,17
143,146,7
144,145,17
144,146,15
147,149,7
147,150,20
148,149,6
148,150,6
151,153,19
151,154,10
152,153,15
152,154,19
155,157,1
155,158,6
156,157,5
156,158,19
159,161,10
159,162,20
160,161,17
160,162,18
163,165,4
163,166,1
164,165,3
164,166,20
167,169,17
167,170,8
168,169,9
168,170,16
171,173,2
171,174,6
172,173,6
172,174,8
175,177,1
175,178,19
176,177,4
176,178,7
179,181,7
179,182,18
180,181,5
180,182,6
183,185,9
183,186,4
184,185,12
184,186,17
187,189,4
187,190,11
188,189,7
188,190,12
191,193,19
191,194,19
192,193,3
192,194,7
195,197,9
195,198,20
196,197,7
196,198,18
199,201,8
199,202,6
200,201,7
200,202,18
203,205,5
203,206,11
204,205,10
204,206,20
207,209,1
207,210,17
208,209,9
208,210,2
211,213,7
211,214,15
212,213,8
212,214,9
215,217,7
215,218,14
216,217,5
216,218,13
219,221,7
219,222,2
220,221,13
220,222,4
223,225,1
223,226,16
224,225,4
224,226,19
227,229,7
227,230,8
228,229,9
228,230,13
231,233,16
231,234,1
232,233,20
232,234,17
235,237,9
235,238,7
236,237,9
236,238,3
239,241,10
239,242,11
240,241,11
240,242,8
243,245,2
243,246,5
244,245,14
244,246,13
247,249,6
247,250,9
248,249,11
248,250,9
251,253,18
251,254,2
252,253,12
252,254,1
255,257,18
255,258,3
256,257,11
256,258,12
259,261,12
259,262,10
260,261,3
260,262,19
263,265,2
263,266,12
264,265,14
264,266,1
267,269,9
267,270,12
268,269,19
268,270,8
271,273,16
271,274,19
272,273,20
272,274,18
275,277,5
275,278,20
276,277,4
276,278,6
279,281,7
279,282,12
280,281,19
280,282,19
283,285,16
283,286,3
284,285,18
284,286,20
287,289,19
287,290,12
288,289,16
288,290,10
291,293,16
291,294,3
292,293,7
292,294,17
295,297,3
295,298,8
296,297,7
296,298,2
299,301,12
299,302,12
300,301,11
300,302,16
303,305,3
303,306,7
304,305,15
304,306,8
307,309,6
307,310,2
308,309,14
308,310,18
311,313,7
311,314,19
312,313,9
312,314,4
315,317,7
315,318,17
316,317,13
316,318,16
319,321,7
319,322,17
320,321,15
320,322,19
323,325,4
323,326,4
324,325,17
324,326,9
327,329,14
327,330,15
328,329,6
328,330,9
331,333,8
331,334,14
332,333,4
332,334,16
335,337,9
335,338,4
336,337,2
336,338,10
339,341,7
339,342,1
340,341,7
340,342,16
343,345,13
343,346,5
344,345,11
344,346,5
347,349,7
347,350,5
348,349,7
348,350,17
351,353,16
351,354,20
352,353,16
352,354,13
355,357,16
355,358,16
356,357,3
356,358,13
359,361,12
359,362,1
360,361,9
360,362,18
363,365,17
363,366,6
364,365,11
364,366,13
367,369,15
367,370,9
368,369,2
368,370,9
371,373,18
371,374,7
372,373,12
372,374,19
375,377,5
375,378,12
376,377,5
376,378,12
379,381,17
379,382,14
380,381,6
380,382,9
383,385,12
383,386,1
384,385,10
384,386,2
387,389,17
387,390,20
388,389,7
388,390,7
391,393,12
391,394,12
392,393,7
392,394,1
395,397,15
395,398,20
396,397,14
396,398,12
399,401,17
399,402,20
400,401,6
400,402,8
403,405,11
403,406,14
404,405,10
404,406,3
407,409,19
407,410,17
408,409,18
408,410,14
411,413,15
411,414,15
412,413,7
412,414,9
415,417,20
415,418,1
416,417,12
416,418,12
419,421,2
419,422,9
420,421,5
420,422,8
423,425,11
423,426,17
424,425,20
424,426,14
427,429,5
427,430,7
428,429,20
428,430,11
431,433,16
431,434,13
432,433,7
432,434,9
435,437,13
435,438,14
436,437,7
436,438,1
439,441,3
439,442,14
440,441,4
440,442,19
443,445,5
443,446,5
444,445,12
444,446,19
447,449,5
447,450,20
448,449,10
448,450,19
451,453,5
451,454,16
452,453,15
452,454,6
455,457,10
455,458,7
456,457,7
456,458,8
459,461,6
459,462,20
460,461,6
460,462,19
463,465,9
463,466,16
464,465,16
464,466,8
467,469,9
467,470,8
468,469,10
468,470,16
471,473,10
471,474,5
472,473,7
472,474,13
475,477,10
475,478,19
476,477,5
476,478,13
479,481,18
479,482,4
480,481,15
480,482,2
483,485,13
483,486,16
484,485,7
484,486,4
487,489,17
487,490,6
488,489,15
488,490,5
491,493,9
491,494,6
492,493,3
492,494,13
495,497,2
495,498,18
496,497,10
496,498,3
499,501,1
499,502,5
500,501,7
500,502,12
503,505,18
503,506,13
504,505,19
504,506,19
507,509,5
507,510,12
508,509,9
508,510,6
