1,3,14
1,4,16
2,3,1
2,4,12
3,4,13
5,6,8
5,7,15
5,8,5
6,7,5
6,8,19
7,8,19
9,10,11
9,11,5
9,12,14
10,11,6
10,12,10
11,12,14
13,14,12
13,15,10
13,16,3
14,15,15
14,16,2
15,16,17
17,18,8
17,19,7
17,20,6
18,19,9
18,20,3
19,20,20
21,22,15
21,23,3
21,24,6
22,23,1
22,24,16
23,24,12
25,26,7
25,27,4
25,28,20
26,27,14
26,28,6
27,28,4
29,30,15
29,31,17
29,32,18
30,31,7
30,32,4
31,32,10
33,34,14
33,35,20
33,36,13
34,35,3
34,36,15
35,36,1
37,38,16
37,39,3
37,40,16
38,39,11
38,40,6
39,40,15
41,42,16
41,43,16
41,44,18
42,43,3
42,44,20
43,44,17
45,46,9
45,47,20
45,48,15
46,47,15
46,48,20
47,48,14
49,50,2
49,51,12
49,52,3
50,51,7
50,52,7
51,52,8
53,54,3
53,55,5
53,56,1
54,55,4
54,56,8
55,56,2
57,58,18
57,59,1
57,60,16
58,59,13
58,60,6
59,60,17
61,62,2
61,63,20
61,64,6
62,63,15
62,64,3
63,64,17
65,66,10
65,67,10
65,68,1
66,67,14
66,68,17
67,68,4
69,70,14
69,71,10
69,72,2
70,71,9
70,72,3
71,72,4
73,74,3
73,75,20
73,76,13
74,75,14
74,76,12
75,76,10
77,78,14
77,79,8
77,80,4
78,79,9
78,80,11
79,80,14
81,82,6
81,83,12
81,84,16
82,83,20
82,84,17
83,84,13
85,86,19
85,87,5
85,88,3
86,87,4
86,88,14
87,88,5
89,90,7
89,91,8
89,92,2
90,91,1
90,92,2
91,92,20
93,94,10
93,95,8
93,96,3
94,95,8
94,96,9
95,96,14
97,98,12
97,99,19
97,100,5
98,99,11
98,100,20
99,100,19
101,102,13
101,103,5
101,104,8
102,103,8
102,104,1
103,104,1
105,106,17
105,107,2
105,108,3
106,107,8
106,108,7
107,108,6
109,110,12
109,111,17
109,112,11
110,111,14
110,112,1
111,112,7
113,114,17
113,115,11
113,116,8
114,115,15
114,116,11
115,116,11
117,118,9
117,119,18
117,120,7
118,119,9
118,120,15
119,120,18
121,122,5
121,123,3
121,124,20
122,123,15
122,124,20
123,124,5
125,126,2
125,127,3
125,128,20
126,127,4
126,128,13
127,128,6
129,130,8
129,131,16
129,132,18
130,131,15
130,132,5
131,132,19
133,134,1
133,135,2
133,136,20
134,135,12
134,136,10
135,136,13
137,138,14
137,139,15
137,140,6
138,139,10
138,140,16
139,140,18
141,142,14
141,143,13
141,144,7
142,143,20
142,144,3
143,144,20
145,146,4
145,147,10
145,148,7
146,147,12
146,148,13
147,148,16
149,150,7
149,151,20
149,152,15
150,151,11
150,152,4
151,152,14
153,154,6
153,155,13
153,156,14
154,155,19
154,156,11
155,156,3
157,158,7
157,159,5
157,160,15
158,159,7
158,160,1
159,160,1
161,162,5
161,163,9
161,164,17
162,163,20
162,164,1
163,164,10
165,166,15
165,167,16
165,168,20
166,167,14
166,168,15
167,168,6
169,170,10
169,171,14
169,172,20
170,171,7
170,172,2
171,172,14
173,174,9
173,175,2
173,176,16
174,175,19
174,176,19
175,176,12
177,178,13
177,179,1
177,180,14
178,179,13
178,180,14
179,180,9
181,182,7
181,183,20
181,184,13
182,183,3
182,184,4
183,184,4
185,186,20
185,187,19
185,188,17
186,187,2
186,188,1
187,188,11
189,190,7
189,191,19
189,192,9
190,191,18
190,192,9
191,192,12
193,194,6
193,195,8
193,196,20
194,195,19
194,196,13
195,196,3
197,198,18
197,199,7
197,200,18
198,199,12
198,200,16
199,200,2
201,202,19
201,203,9
201,204,7
202,203,16
202,204,6
203,204,8
205,206,1
205,207,8
205,208,13
206,207,14
206,208,17
207,208,9
209,210,9
209,211,13
209,212,18
210,211,14
210,212,20
211,212,1
213,214,19
213,215,17
213,216,17
214,215,5
214,216,10
215,216,12
217,218,10
217,219,17
217,220,13
218,219,16
218,220,12
219,220,11
221,222,16
221,223,9
221,224,14
222,223,20
222,224,4
223,224,8
225,226,14
225,227,16
225,228,9
226,227,14
226,228,6
227,228,18
229,230,6
229,231,9
229,232,16
230,231,18
230,232,1
231,232,17
233,234,15
233,235,5
233,236,17
234,235,17
234,236,19
235,236,14
237,238,10
237,239,1
237,240,16
238,239,13
238,240,8
239,240,19
241,242,11
241,243,7
241,244,12
242,243,10
242,244,11
243,244,3
245,246,16
245,247,2
245,248,12
246,247,15
246,248,4
247,248,3
249,250,5
249,251,20
249,252,6
250,251,10
250,252,17
251,252,1
253,254,7
253,255,9
253,256,7
254,255,2
254,256,17
255,256,9
257,258,4
257,259,12
257,260,19
258,259,14
258,260,10
259,260,12
261,262,17
261,263,7
261,264,7
262,263,17
262,264,9
263,264,9
265,266,19
265,267,17
265,268,5
266,267,13
266,268,10
267,268,10
269,270,16
269,271,8
269,272,9
270,271,12
270,272,11
271,272,14
273,274,6
273,275,15
273,276,19
274,275,8
274,276,12
275,276,14
277,278,18
277,279,20
277,280,14
278,279,14
278,280,14
279,280,13
281,282,11
281,283,18
281,284,1
282,283,20
282,284,14
283,284,19
285,286,6
285,287,13
285,288,18
286,287,7
286,288,16
287,288,6
289,290,9
289,291,15
289,292,12
290,291,19
290,292,19
291,292,5
293,294,11
293,295,2
293,296,14
294,295,16
294,296,6
295,296,2
297,298,8
297,299,10
297,300,16
298,299,8
298,300,15
299,300,15
301,302,14
301,303,8
301,304,10
302,303,15
302,304,8
303,304,12
305,306,8
305,307,16
305,308,8
306,307,19
306,308,12
307,308,2
309,310,17
309,311,12
309,312,1
310,311,1
310,312,3
311,312,18
313,314,1
313,315,1
313,316,18
314,315,1
314,316,5
315,316,4
317,318,13
317,319,20
317,320,4
318,319,20
318,320,11
319,320,5
321,322,16
321,323,1
321,324,1
322,323,4
322,324,20
323,324,9
325,326,1
325,327,6
325,328,19
326,327,17
326,328,12
327,328,8
329,330,2
329,331,7
329,332,4
330,331,11
330,332,9
331,332,14
333,334,14
333,335,6
333,336,1
334,335,7
334,336,8
335,336,15
337,338,10
337,339,11
337,340,2
338,339,6
338,340,1
339,340,9
341,342,11
341,343,3
341,344,10
342,343,13
342,344,20
343,344,15
345,346,8
345,347,5
345,348,3
346,347,13
346,348,5
347,348,14
349,350,20
349,351,12
349,352,9
350,351,16
350,352,20
351,352,2
353,354,6
353,355,14
353,356,13
354,355,16
354,356,1
355,356,13
357,358,6
357,359,19
357,360,7
358,359,18
358,360,1
359,360,20
361,362,4
361,363,9
361,364,16
362,363,15
362,364,10
363,364,4
365,366,12
365,367,20
365,368,11
366,367,17
366,368,13
367,368,17
369,370,1
369,371,3
369,372,13
370,371,17
370,372,16
371,372,5
373,374,15
373,375,7
373,376,9
374,375,14
374,376,7
375,376,14
377,378,17
377,379,9
377,380,14
378,379,11
378,380,16
379,380,3
381,382,20
381,383,11
381,384,3
382,383,9
382,384,13
383,384,13
385,386,14
385,387,9
385,388,2
386,387,18
386,388,14
387,388,11
389,390,13
389,391,2
389,392,10
390,391,1
390,392,9
391,392,9
393,394,11
393,395,14
393,396,14
394,395,7
394,396,10
395,396,1
397,398,19
397,399,17
397,400,10
398,399,16
398,400,20
399,400,15
401,402,10
401,403,17
401,404,13
402,403,19
402,404,14
403,404,9
405,406,6
405,407,1
405,408,3
406,407,4
406,408,1
407,408,2
409,410,8
409,411,9
409,412,17
410,411,1
410,412,13
411,412,3
413,414,8
413,415,17
413,416,16
414,415,13
414,416,12
415,416,14
417,418,4
417,419,10
417,420,17
418,419,9
418,420,18
419,420,3
421,422,12
421,423,4
421,424,7
422,423,7
422,424,10
423,424,5
425,426,7
425,427,2
425,428,15
426,427,15
426,428,13
427,428,12
429,430,11
429,431,3
429,432,6
430,431,10
430,432,11
431,432,11
433,434,11
433,435,20
433,436,5
434,435,17
434,436,9
435,436,14
437,438,14
437,439,3
437,440,18
438,439,2
438,440,1
439,440,9
441,442,16
441,443,12
441,444,5
442,443,12
442,444,2
443,444,15
445,446,18
445,447,13
445,448,14
446,447,6
446,448,20
447,448,10
449,450,17
449,451,13
449,452,4
450,451,11
450,452,17
451,452,4
453,454,6
453,455,17
453,456,2
454,455,14
454,456,20
455,456,3
457,458,8
457,459,5
457,460,12
458,459,18
458,460,3
459,460,8
461,462,3
461,463,19
461,464,17
462,463,1
462,464,17
463,464,13
465,466,18
465,467,16
465,468,13
466,467,7
466,468,13
467,468,7
469,470,1
469,471,18
469,472,9
470,471,17
470,472,12
471,472,6
473,474,17
473,475,1
473,476,13
474,475,15
474,476,20
475,476,13
477,478,14
477,479,20
477,480,3
478,479,20
478,480,11
479,480,11
481,482,17
481,483,3
481,484,20
482,483,20
482,484,10
483,484,12
485,486,8
485,487,8
485,488,14
486,487,5
486,488,9
487,488,15
489,490,8
489,491,6
489,492,17
490,491,17
490,492,7
491,492,5
493,494,5
493,495,4
493,496,9
494,495,18
494,496,18
495,496,13
497,498,15
497,499,19
497,500,11
498,499,2
498,500,4
499,500,16
501,502,11
501,503,2
501,504,14
502,503,5
502,504,1
503,504,12
505,506,9
505,507,19
505,508,18
506,507,19
506,508,2
507,508,7
509,510,14
509,511,4
509,512,19
510,511,14
510,512,11
511,512,19
513,514,19
513,515,16
513,516,8
514,515,16
514,516,9
515,516,9
517,518,19
517,519,20
517,520,9
518,519,5
518,520,18
519,520,6
521,522,3
521,523,14
521,524,1
522,523,11
522,524,7
523,524,11
525,526,20
525,527,16
525,528,5
526,527,14
526,528,3
527,528,18
529,530,4
529,531,7
529,532,17
530,531,13
530,532,10
531,532,14
533,534,17
533,535,10
533,536,8
534,535,9
534,536,18
535,536,19
537,538,8
537,539,13
537,540,8
538,539,1
538,540,11
539,540,13
541,542,5
541,543,9
541,544,5
542,543,20
542,544,2
543,544,15
545,546,7
545,547,5
545,548,4
546,547,17
546,548,16
547,548,8
549,550,17
549,551,2
549,552,16
550,551,8
550,552,20
551,552,9
553,554,12
553,555,19
553,556,4
554,555,6
554,556,18
555,556,7
557,558,5
557,559,8
557,560,13
558,559,19
558,560,11
559,560,2
561,562,8
561,563,3
561,564,2
562,563,8
562,564,2
563,564,17
565,566,14
565,567,7
565,568,13
566,567,15
566,568,14
567,568,13
569,570,5
569,571,12
569,572,18
570,571,12
570,572,8
571,572,19
573,574,20
573,575,9
573,576,7
574,575,8
574,576,14
575,576,18
577,578,18
577,579,15
577,580,2
578,579,5
578,580,3
579,580,16
581,582,15
581,583,16
581,584,8
582,583,19
582,584,4
583,584,19
585,586,6
585,587,2
585,588,20
586,587,8
586,588,20
587,588,6
589,590,8
589,591,2
589,592,15
590,591,4
590,592,2
591,592,14
593,594,15
593,595,1
593,596,1
594,595,19
594,596,10
595,596,8
597,598,2
597,599,15
597,600,17
598,599,19
598,600,6
599,600,8
601,602,16
601,603,4
601,604,20
602,603,14
602,604,7
603,604,14
605,606,18
605,607,15
605,608,4
606,607,20
606,608,3
607,608,15
609,610,19
609,611,18
609,612,10
610,611,14
610,612,19
611,612,13
613,614,8
613,615,17
613,616,20
614,615,12
614,616,1
615,616,3
617,618,2
617,619,17
617,620,1
618,619,20
618,620,12
619,620,19
621,622,1
621,623,3
621,624,16
622,623,10
622,624,3
623,624,8
625,626,4
625,627,19
625,628,14
626,627,14
626,628,14
627,628,5
629,630,5
629,631,18
629,632,20
630,631,7
630,632,18
631,632,16
633,634,3
633,635,20
633,636,15
634,635,8
634,636,5
635,636,19
637,638,13
637,639,20
637,640,18
638,639,19
638,640,18
639,640,6
641,642,12
641,643,7
641,644,16
642,643,9
642,644,14
643,644,17
645,646,3
645,647,15
645,648,3
646,647,4
646,648,5
647,648,4
649,650,20
649,651,12
649,652,18
650,651,3
650,652,14
651,652,15
653,654,10
653,655,5
653,656,6
654,655,9
654,656,9
655,656,11
657,658,16
657,659,9
657,660,7
658,659,16
658,660,17
659,660,4
661,662,8
661,663,17
661,664,17
662,663,11
662,664,15
663,664,17
665,666,9
665,667,19
665,668,11
666,667,11
666,668,13
667,668,20
669,670,3
669,671,16
669,672,10
670,671,11
670,672,14
671,672,3
673,674,11
673,675,11
673,676,10
674,675,3
674,676,7
675,676,16
677,678,19
677,679,5
677,680,19
678,679,19
678,680,8
679,680,1
681,682,6
681,683,7
681,684,1
682,683,4
682,684,3
683,684,4
685,686,2
685,687,10
685,688,1
686,687,3
686,688,15
687,688,7
689,690,1
689,691,14
689,692,4
690,691,7
690,692,17
691,692,10
693,694,7
693,695,16
693,696,15
694,695,2
694,696,1
695,696,1
697,698,18
697,699,12
697,700,5
698,699,8
698,700,11
699,700,16
701,702,20
701,703,11
701,704,10
702,703,1
702,704,2
703,704,2
705,706,12
705,707,15
705,708,3
706,707,11
706,708,15
707,708,17
709,710,13
709,711,11
709,712,8
710,711,5
710,712,3
711,712,18
713,714,19
713,715,10
713,716,11
714,715,16
714,716,12
715,716,6
717,718,1
717,719,1
717,720,1
718,719,16
718,720,4
719,720,5
721,722,20
721,723,11
721,724,19
722,723,6
722,724,19
723,724,7
725,726,4
725,727,11
725,728,12
726,727,14
726,728,2
727,728,1
729,730,6
729,731,5
729,732,5
730,731,7
730,732,16
731,732,15
733,734,19
733,735,13
733,736,12
734,735,1
734,736,13
735,736,5
737,738,11
737,739,20
737,740,12
738,739,13
738,740,19
739,740,1
741,742,12
741,743,14
741,744,20
742,743,18
742,744,17
743,744,17
745,746,17
745,747,5
745,748,4
746,747,2
746,748,11
747,748,14
749,750,10
749,751,12
749,752,17
750,751,18
750,752,7
751,752,6
753,754,9
753,755,10
753,756,15
754,755,4
754,756,14
755,756,3
757,758,1
757,759,17
757,760,1
758,759,11
758,760,10
759,760,12
761,762,8
761,763,1
761,764,10
762,763,11
762,764,19
763,764,16
765,766,4
765,767,10
765,768,11
766,767,2
766,768,9
767,768,14
769,770,6
769,771,3
769,772,8
770,771,17
770,772,5
771,772,15
773,774,18
773,775,8
773,776,2
774,775,12
774,776,8
775,776,12
777,778,10
777,779,2
777,780,18
778,779,16
778,780,11
779,780,19
781,782,5
781,783,2
781,784,6
782,783,19
782,784,13
783,784,15
785,786,9
785,787,20
785,788,16
786,787,18
786,788,15
787,788,9
789,790,6
789,791,20
789,792,10
790,791,2
790,792,6
791,792,17
793,794,7
793,795,11
793,796,5
794,795,3
794,796,19
795,796,1
797,798,10
797,799,5
797,800,20
798,799,11
798,800,2
799,800,15
801,802,5
801,803,8
801,804,4
802,803,16
802,804,16
803,804,12
805,806,9
805,807,11
805,808,1
806,807,8
806,808,8
807,808,7
809,810,8
809,811,8
809,812,19
810,811,11
810,812,7
811,812,10
813,814,20
813,815,7
813,816,10
814,815,18
814,816,14
815,816,4
817,818,3
817,819,7
817,820,10
818,819,7
818,820,2
819,820,2
821,822,15
821,823,19
821,824,13
822,823,19
822,824,18
823,824,12
825,826,11
825,827,5
825,828,8
826,827,14
826,828,15
827,828,14
829,830,16
829,831,15
829,832,9
830,831,4
830,832,1
831,832,2
833,834,5
833,835,8
833,836,5
834,835,10
834,836,11
835,836,1
837,838,12
837,839,2
837,840,7
838,839,11
838,840,19
839,840,16
841,842,4
841,843,19
841,844,11
842,843,2
842,844,3
843,844,18
845,846,4
845,847,1
845,848,5
846,847,15
846,848,8
847,848,13
849,850,10
849,851,17
849,852,14
850,851,14
850,852,13
851,852,14
853,854,1
853,855,20
853,856,7
854,855,10
854,856,15
855,856,16
857,858,12
857,859,7
857,860,17
858,859,2
858,860,7
859,860,18
861,862,20
861,863,10
861,864,1
862,863,20
862,864,1
863,864,13
865,866,9
865,867,16
865,868,16
866,867,14
866,868,14
867,868,11
869,870,4
869,871,16
869,872,14
870,871,14
870,872,6
871,872,11
873,874,20
873,875,5
873,876,5
874,875,20
874,876,14
875,876,8
877,878,11
877,879,7
877,880,2
878,879,12
878,880,14
879,880,5
881,882,7
881,883,12
881,884,9
882,883,3
882,884,6
883,884,16
885,886,10
885,887,19
885,888,1
886,887,8
886,888,18
887,888,17
889,890,5
889,891,6
889,892,11
890,891,16
890,892,7
891,892,8
893,894,15
893,895,14
893,896,13
894,895,6
894,896,1
895,896,14
897,898,2
897,899,16
897,900,8
898,899,1
898,900,17
899,900,17
901,902,6
901,903,16
901,904,19
902,903,11
902,904,20
903,904,4
905,906,11
905,907,20
905,908,10
906,907,18
906,908,8
907,908,6
909,910,19
909,911,2
909,912,18
910,911,13
910,912,10
911,912,16
913,914,16
913,915,16
913,916,17
914,915,4
914,916,16
915,916,6
917,918,3
917,919,9
917,920,9
918,919,17
918,920,15
919,920,18
921,922,14
921,923,20
921,924,5
922,923,13
922,924,6
923,924,10
925,926,2
925,927,10
925,928,1
926,927,14
926,928,19
927,928,6
929,930,13
929,931,18
929,932,19
930,931,8
930,932,18
931,932,3
933,934,13
933,935,7
933,936,10
934,935,9
934,936,18
935,936,12
937,938,2
937,939,13
937,940,7
938,939,13
938,940,19
939,940,3
941,942,20
941,943,2
941,944,11
942,943,18
942,944,4
943,944,12
945,946,13
945,947,17
945,948,2
946,947,11
946,948,18
947,948,16
949,950,19
949,951,6
949,952,5
950,951,16
950,952,7
951,952,12
953,954,7
953,955,10
953,956,6
954,955,4
954,956,16
955,956,2
957,958,19
957,959,10
957,960,17
958,959,14
958,960,6
959,960,19
961,962,18
961,963,1
961,964,14
962,963,5
962,964,5
963,964,8
965,966,15
965,967,17
965,968,12
966,967,15
966,968,8
967,968,15
969,970,13
969,971,12
969,972,7
970,971,12
970,972,14
971,972,3
973,974,5
973,975,16
973,976,13
974,975,20
974,976,20
975,976,10
977,978,14
977,979,12
977,980,7
978,979,2
978,980,18
979,980,20
981,982,6
981,983,13
981,984,4
982,983,6
982,984,9
983,984,7
985,986,11
985,987,13
985,988,9
986,987,20
986,988,14
987,988,12
989,990,13
989,991,15
989,992,18
990,991,10
990,992,7
991,992,2
993,994,17
993,995,5
993,996,1
994,995,13
994,996,9
995,996,18
997,998,2
997,999,18
997,1000,20
998,999,17
998,1000,17
999,1000,2
1001,1002,12
1001,1003,16
1001,1004,19
1002,1003,7
1002,1004,7
1003,1004,15
1005,1006,8
1005,1007,6
1005,1008,11
1006,1007,2
1006,1008,14
1007,1008,7
1009,1010,11
1009,1011,16
1009,1012,14
1010,1011,13
1010,1012,1
1011,1012,20
1013,1014,4
1013,1015,8
1013,1016,15
1014,1015,9
1014,1016,12
1015,1016,7
1017,1018,17
1017,1019,11
1017,1020,4
1018,1019,11
1018,1020,17
1019,1020,11
1021,1022,11
1021,1023,1
1021,1024,13
1022,1023,7
1022,1024,13
1023,1024,10
3,5,4
3,6,7
4,5,19
4,6,9
7,9,17
7,10,8
8,9,1
8,10,2
11,13,16
11,14,8
12,13,12
12,14,5
15,17,20
15,18,1
16,17,6
16,18,9
19,21,17
19,22,19
20,21,2
20,22,7
23,25,15
23,26,13
24,25,3
24,26,5
27,29,17
27,30,8
28,29,13
28,30,12
31,33,10
31,34,15
32,33,2
32,34,5
35,37,8
35,38,13
36,37,11
36,38,18
39,41,8
39,42,7
40,41,3
40,42,9
43,45,10
43,46,3
44,45,12
44,46,7
47,49,8
47,50,19
48,49,17
48,50,9
51,53,15
51,54,15
52,53,8
52,54,11
55,57,13
55,58,9
56,57,17
56,58,16
59,61,20
59,62,15
60,61,9
60,62,16
63,65,17
63,66,12
64,65,11
64,66,16
67,69,3
67,70,9
68,69,3
68,70,4
71,73,11
71,74,17
72,73,3
72,74,6
75,77,11
75,78,11
76,77,11
76,78,20
79,81,13
79,82,16
80,81,17
80,82,11
83,85,9
83,86,18
84,85,2
84,86,12
87,89,10
87,90,7
88,89,1
88,90,4
91,93,5
91,94,7
92,93,12
92,94,15
95,97,13
95,98,9
96,97,10
96,98,19
99,101,4
99,102,18
100,101,13
100,102,1
103,105,11
103,106,18
104,105,8
104,106,4
107,109,19
107,110,5
108,109,16
108,110,9
111,113,12
111,114,19
112,113,12
112,114,14
115,117,4
115,118,8
116,117,19
116,118,16
119,121,15
119,122,12
120,121,7
120,122,15
123,125,12
123,126,11
124,125,4
124,126,9
127,129,13
127,130,16
128,129,13
128,130,12
131,133,13
131,134,13
132,133,18
132,134,10
135,137,17
135,138,19
136,137,5
136,138,15
139,141,17
139,142,11
140,141,7
140,142,17
143,145,13
143,146,18
144,145,8
144,146,15
147,149,16
147,150,6
148,149,14
148,150,1
151,153,11
151,154,1
152,153,20
152,154,17
155,157,10
155,158,20
156,157,12
156,158,13
159,161,17
159,162,16
160,161,4
160,162,2
163,165,3
163,166,11
164,165,11
164,166,5
167,169,3
167,170,8
168,169,15
168,170,3
171,173,13
171,174,1
172,173,3
172,174,2
175,177,13
175,178,11
176,177,7
176,178,9
179,181,10
179,182,16
180,181,7
180,182,4
183,185,14
183,186,10
184,185,9
184,186,17
187,189,2
187,190,2
188,189,6
188,190,14
191,193,11
191,194,14
192,193,5
192,194,17
195,197,15
195,198,1
196,197,17
196,198,18
199,201,6
199,202,15
200,201,19
200,202,4
203,205,10
203,206,16
204,205,18
204,206,13
207,209,16
207,210,15
208,209,17
208,210,6
211,213,15
211,214,8
212,213,9
212,214,19
215,217,4
215,218,6
216,217,19
216,218,10
219,221,1
219,222,10
220,221,3
220,222,8
223,225,14
223,226,18
224,225,12
224,226,18
227,229,8
227,230,4
228,229,2
228,230,1
231,233,15
231,234,7
232,233,3
232,234,18
235,237,18
235,238,19
236,237,17
236,238,20
239,241,1
239,242,14
240,241,12
240,242,1
243,245,5
243,246,6
244,245,8
244,246,9
247,249,14
247,250,7
248,249,3
248,250,19
251,253,9
251,254,15
252,253,10
252,254,18
255,257,7
255,258,4
256,257,18
256,258,3
259,261,1
259,262,16
260,261,10
260,262,3
263,265,7
263,266,15
264,265,10
264,266,3
267,269,12
267,270,7
268,269,20
268,270,7
271,273,10
271,274,7
272,273,18
272,274,10
275,277,2
275,278,10
276,277,5
276,278,7
279,281,13
279,282,4
280,281,6
280,282,15
283,285,18
283,286,8
284,285,18
284,286,3
287,289,7
287,290,19
288,289,13
288,290,10
291,293,10
291,294,10
292,293,20
292,294,14
295,297,5
295,298,5
296,297,11
296,298,6
299,301,8
299,302,12
300,301,8
300,302,19
303,305,19
303,306,18
304,305,9
304,306,17
307,309,8
307,310,6
308,309,8
308,310,7
311,313,2
311,314,18
312,313,10
312,314,10
315,317,20
315,318,20
316,317,16
316,318,3
319,321,2
319,322,13
320,321,19
320,322,17
323,325,6
323,326,19
324,325,8
324,326,13
327,329,18
327,330,1
328,329,18
328,330,5
331,333,4
331,334,14
332,333,17
332,334,19
335,337,14
335,338,11
336,337,19
336,338,16
339,341,5
339,342,6
340,341,9
340,342,10
343,345,15
343,346,9
344,345,12
344,346,17
347,349,18
347,350,13
348,349,13
348,350,7
351,353,4
351,354,5
352,353,17
352,354,16
355,357,20
355,358,10
356,357,14
356,358,1
359,361,12
359,362,19
360,361,14
360,362,13
363,365,18
363,366,14
364,365,6
364,366,2
367,369,1
367,370,18
368,369,9
368,370,10
371,373,16
371,374,10
372,373,18
372,374,6
375,377,18
375,378,17
376,377,13
376,378,2
379,381,14
379,382,13
380,381,4
380,382,10
383,385,7
383,386,1
384,385,19
384,386,6
387,389,1
387,390,20
388,389,16
388,390,8
391,393,4
391,394,15
392,393,4
392,394,16
395,397,8
395,398,2
396,397,15
396,398,3
399,401,14
399,402,7
400,401,14
400,402,6
403,405,12
403,406,7
404,405,14
404,406,17
407,409,16
407,410,5
408,409,2
408,410,19
411,413,19
411,414,17
412,413,11
412,414,10
415,417,20
415,418,3
416,417,19
416,418,2
419,421,15
419,422,8
420,421,11
420,422,14
423,425,17
423,426,9
424,425,7
424,426,7
427,429,8
427,430,8
428,429,3
428,430,16
431,433,2
431,434,11
432,433,11
432,434,16
435,437,18
435,438,4
436,437,19
436,438,7
439,441,20
439,442,19
440,441,15
440,442,20
443,445,14
443,446,17
444,445,11
444,446,7
447,449,20
447,450,7
448,449,8
448,450,17
451,453,5
451,454,11
452,453,7
452,454,12
455,457,13
455,458,6
456,457,14
456,458,13
459,461,17
459,462,14
460,461,1
460,462,9
463,465,20
463,466,2
464,465,7
464,466,6
467,469,10
467,470,4
468,469,17
468,470,18
471,473,8
471,474,9
472,473,5
472,474,12
475,477,20
475,478,13
476,477,16
476,478,17
479,481,19
479,482,2
480,481,9
480,482,14
483,485,18
483,486,20
484,485,3
484,486,19
487,489,1
487,490,1
488,489,1
488,490,14
491,493,18
491,494,13
492,493,6
492,494,8
495,497,13
495,498,9
496,497,19
496,498,13
499,501,9
499,502,11
500,501,17
500,502,15
503,505,18
503,506,14
504,505,15
504,506,15
507,509,16
507,510,6
508,509,15
508,510,15
511,513,1
511,514,20
512,513,2
512,514,15
515,517,8
515,518,11
516,517,12
516,518,12
519,521,2
519,522,2
520,521,2
520,522,15
523,525,16
523,526,19
524,525,18
524,526,17
527,529,13
527,530,20
528,529,4
528,530,15
531,533,12
531,534,2
532,533,9
532,534,18
535,537,18
535,538,9
536,537,8
536,538,18
539,541,17
539,542,18
540,541,19
540,542,5
543,545,9
543,546,11
544,545,18
544,546,3
547,549,3
547,550,2
548,549,19
548,550,12
551,553,17
551,554,20
552,553,20
552,554,10
555,557,20
555,558,4
556,557,1
556,558,18
559,561,8
559,562,5
560,561,12
560,562,6
563,565,3
563,566,17
564,565,5
564,566,19
567,569,13
567,570,3
568,569,13
568,570,12
571,573,15
571,574,16
572,573,5
572,574,14
575,577,18
575,578,2
576,577,10
576,578,12
579,581,17
579,582,15
580,581,7
580,582,7
583,585,8
583,586,20
584,585,18
584,586,4
587,589,6
587,590,13
588,589,14
588,590,17
591,593,16
591,594,10
592,593,6
592,594,12
595,597,17
595,598,12
596,597,17
596,598,3
599,601,7
599,602,10
600,601,7
600,602,8
603,605,15
603,606,13
604,605,5
604,606,2
607,609,5
607,610,6
608,609,8
608,610,3
611,613,15
611,614,6
612,613,11
612,614,8
615,617,3
615,618,9
616,617,9
616,618,11
619,621,1
619,622,3
620,621,8
620,622,13
623,625,2
623,626,1
624,625,12
624,626,1
627,629,12
627,630,10
628,629,7
628,630,13
631,633,11
631,634,14
632,633,9
632,634,5
635,637,10
635,638,6
636,637,13
636,638,7
639,641,4
639,642,10
640,641,9
640,642,2
643,645,16
643,646,8
644,645,18
644,646,7
647,649,2
647,650,8
648,649,20
648,650,1
651,653,20
651,654,12
652,653,4
652,654,5
655,657,7
655,658,16
656,657,4
656,658,4
659,661,14
659,662,3
660,661,13
660,662,20
663,665,12
663,666,18
664,665,18
664,666,11
667,669,15
667,670,11
668,669,14
668,670,17
671,673,17
671,674,17
672,673,15
672,674,5
675,677,17
675,678,1
676,677,6
676,678,18
679,681,4
679,682,11
680,681,5
680,682,6
683,685,15
683,686,7
684,685,6
684,686,5
687,689,1
687,690,13
688,689,13
688,690,5
691,693,3
691,694,7
692,693,12
692,694,19
695,697,3
695,698,9
696,697,6
696,698,8
699,701,5
699,702,6
700,701,13
700,702,2
703,705,6
703,706,7
704,705,8
704,706,4
707,709,5
707,710,1
708,709,12
708,710,7
711,713,16
711,714,3
712,713,17
712,714,18
715,717,8
715,718,7
716,717,6
716,718,13
719,721,17
719,722,1
720,721,3
720,722,20
723,725,18
723,726,5
724,725,19
724,726,18
727,729,10
727,730,1
728,729,12
728,730,12
731,733,3
731,734,2
732,733,13
732,734,12
735,737,12
735,738,15
736,737,2
736,738,1
739,741,6
739,742,13
740,741,4
740,742,3
743,745,15
743,746,12
744,745,19
744,746,14
747,749,9
747,750,4
748,749,8
748,750,10
751,753,8
751,754,14
752,753,18
752,754,9
755,757,5
755,758,1
756,757,10
756,758,18
759,761,16
759,762,10
760,761,11
760,762,4
763,765,9
763,766,9
764,765,19
764,766,16
767,769,20
767,770,19
768,769,18
768,770,15
771,773,19
771,774,9
772,773,18
772,774,15
775,777,8
775,778,3
776,777,1
776,778,20
779,781,9
779,782,13
780,781,9
780,782,16
783,785,10
783,786,6
784,785,5
784,786,7
787,789,2
787,790,12
788,789,15
788,790,15
791,793,1
791,794,2
792,793,5
792,794,13
795,797,2
795,798,16
796,797,6
796,798,1
799,801,3
799,802,19
800,801,6
800,802,10
803,805,6
803,806,15
804,805,16
804,806,9
807,809,5
807,810,5
808,809,17
808,810,8
811,813,13
811,814,20
812,813,20
812,814,17
815,817,4
815,818,20
816,817,9
816,818,2
819,821,20
819,822,11
820,821,7
820,822,12
823,825,17
823,826,8
824,825,8
824,826,15
827,829,3
827,830,2
828,829,5
828,830,13
831,833,8
831,834,10
832,833,8
832,834,10
835,837,2
835,838,1
836,837,6
836,838,19
839,841,9
839,842,18
840,841,7
840,842,2
843,845,20
843,846,6
844,845,11
844,846,16
847,849,18
847,850,1
848,849,18
848,850,20
851,853,6
851,854,19
852,853,19
852,854,13
855,857,16
855,858,12
856,857,11
856,858,2
859,861,16
859,862,13
860,861,6
860,862,14
863,865,18
863,866,8
864,865,10
864,866,2
867,869,12
867,870,14
868,869,15
868,870,3
871,873,3
871,874,14
872,873,12
872,874,16
875,877,16
875,878,14
876,877,20
876,878,7
879,881,11
879,882,2
880,881,10
880,882,10
883,885,6
883,886,1
884,885,9
884,886,14
887,889,2
887,890,12
888,889,8
888,890,12
891,893,20
891,894,15
892,893,2
892,894,3
895,897,4
895,898,8
896,897,7
896,898,4
899,901,17
899,902,14
900,901,7
900,902,17
903,905,20
903,906,6
904,905,17
904,906,2
907,909,15
907,910,7
908,909,14
908,910,11
911,913,3
911,914,1
912,913,19
912,914,14
915,917,17
915,918,5
916,917,4
916,918,14
919,921,8
919,922,20
920,921,15
920,922,3
923,925,3
923,926,9
924,925,17
924,926,12
927,929,9
927,930,11
928,929,19
928,930,8
931,933,12
931,934,7
932,933,10
932,934,11
935,937,17
935,938,4
936,937,3
936,938,8
939,941,1
939,942,4
940,941,15
940,942,11
943,945,9
943,946,15
944,945,15
944,946,1
947,949,1
947,950,5
948,949,14
948,950,19
951,953,11
951,954,3
952,953,16
952,954,19
955,957,1
955,958,13
956,957,17
956,958,12
959,961,7
959,962,1
960,961,1
960,962,4
963,965,15
963,966,5
964,965,13
964,966,18
967,969,10
967,970,1
968,969,14
968,970,13
971,973,14
971,974,8
972,973,9
972,974,12
975,977,1
975,978,13
976,977,7
976,978,20
979,981,3
979,982,5
980,981,8
980,982,16
983,985,10
983,986,6
984,985,12
984,986,13
987,989,7
987,990,18
988,989,4
988,990,5
991,993,12
991,994,14
992,993,19
992,994,6
995,997,13
995,998,7
996,997,11
996,998,2
999,1001,3
999,1002,17
1000,1001,13
1000,1002,9
1003,1005,6
1003,1006,6
1004,1005,19
1004,1006,20
1007,1009,18
1007,1010,13
1008,1009,10
1008,1010,2
1011,1013,12
1011,1014,19
1012,1013,15
1012,1014,8
1015,1017,3
1015,1018,8
1016,1017,3
1016,1018,14
1019,1021,19
1019,1022,2
1020,1021,1
1020,1022,11
